<svg width="1024" height="341.3333333333333" viewBox="0 0 1200 400" xmlns="http://www.w3.org/2000/svg" preserveAspectRatio="xMidYMid meet"><svg x="446" y="245" width="630" height="64" xmlns="http://www.w3.org/2000/svg" preserveAspectRatio="none"><svg version="1.1" xmlns="http://www.w3.org/2000/svg" style="display: block;" width="630" height="64" viewBox="856.73 82.98 1296.77 130.48" preserveAspectRatio="none"><g id="svg-group-21b45521-c8ab-4041-8047-ac2325e983bf">
<path transform="translate(0,0)" fill="rgba(26, 145, 238, 1)" d="M 1659.53 105.62 C 1665.95 100.041 1705.74 103.337 1715.09 105.738 C 1727.56 111.328 1735.9 118.147 1741 131.503 C 1745.69 144.021 1745.3 157.88 1739.91 170.113 C 1732.93 185.676 1717.37 196.304 1700.2 196.092 C 1696.69 199.228 1666.18 199.172 1662.97 196.42 L 1659.24 193.728 C 1654.88 189.525 1657.48 122.527 1657.19 112.214 C 1657.14 110.281 1658.26 107.261 1659.53 105.62 z M 1677.4 177.022 C 1691.44 177.265 1704.91 179.196 1715.84 169.326 C 1726.11 157.718 1727.98 140.883 1715.97 129.502 C 1706.58 120.599 1689.35 122.479 1677.2 122.858 C 1676.89 138.309 1676.25 161.946 1677.4 177.022 z"/>
<path transform="translate(0,0)" fill="rgba(26, 145, 238, 1)" d="M 1659.24 193.728 C 1654.88 189.525 1657.48 122.527 1657.19 112.214 C 1657.14 110.281 1658.26 107.261 1659.53 105.62 C 1658.51 110.014 1658.09 187.634 1659.24 193.728 z"/>
<path transform="translate(0,0)" fill="rgba(26, 145, 238, 1)" d="M 1659.53 105.62 C 1665.95 100.041 1705.74 103.337 1715.09 105.738 C 1711.25 106.115 1701.5 105.281 1697.12 105.265 C 1684.66 105.223 1671.96 104.787 1659.53 105.62 z"/>
<path transform="translate(0,0)" fill="rgba(26, 145, 238, 1)" d="M 1662.97 196.42 C 1670.7 195.608 1692.01 195.411 1700.2 196.092 C 1696.69 199.228 1666.18 199.172 1662.97 196.42 z"/>
<path transform="translate(0,0)" fill="rgba(26, 145, 238, 1)" d="M 1677.2 122.858 C 1689.35 122.479 1706.58 120.599 1715.97 129.502 C 1727.98 140.883 1726.11 157.718 1715.84 169.326 C 1704.91 179.196 1691.44 177.265 1677.4 177.022 C 1676.25 161.946 1676.89 138.309 1677.2 122.858 z M 1679.04 174.957 C 1691.84 175.11 1705.38 177.041 1714.85 167.781 C 1715.11 167.527 1715.37 167.267 1715.61 166.999 C 1721.71 159.785 1722.59 153.977 1721.8 144.73 C 1719.85 122.057 1694.71 124.815 1679.06 125.076 L 1679.04 174.957 z"/>
<path transform="translate(0,0)" fill="rgba(26, 145, 238, 1)" d="M 1837.96 196.17 C 1814.19 190.698 1798.34 168.233 1801.14 144.004 C 1803.95 119.775 1824.51 101.527 1848.9 101.629 C 1873.3 101.731 1893.71 120.152 1896.31 144.403 C 1898.91 168.655 1882.87 190.986 1859.05 196.258 C 1854.81 199.673 1842.1 199.612 1837.96 196.17 z M 1833.58 171.198 C 1845.24 179.416 1861.31 176.881 1869.88 165.474 C 1878.44 154.067 1876.39 137.919 1865.24 129.019 C 1854.1 120.118 1837.89 121.687 1828.66 132.561 C 1823.87 138.209 1821.67 145.613 1822.61 152.962 C 1823.54 160.312 1827.52 166.93 1833.58 171.198 z"/>
<path transform="translate(0,0)" fill="rgba(26, 145, 238, 1)" d="M 1837.96 196.17 C 1844.9 197.766 1852.1 197.797 1859.05 196.258 C 1854.81 199.673 1842.1 199.612 1837.96 196.17 z"/>
<path transform="translate(0,0)" fill="rgba(26, 145, 238, 1)" d="M 1833.58 171.198 L 1832.46 171.363 C 1820.47 164.098 1818.26 139.458 1828.66 132.561 C 1823.87 138.209 1821.67 145.613 1822.61 152.962 C 1823.54 160.312 1827.52 166.93 1833.58 171.198 z"/>
<path transform="translate(0,0)" fill="rgba(26, 145, 238, 1)" d="M 1242 160.341 C 1239.42 155.254 1242.24 139.882 1242.06 133.364 C 1241.84 125.679 1238.95 112.012 1242.65 105.563 C 1249.12 102.371 1291.76 103.236 1299.69 105.036 C 1324.98 115.77 1313.63 132.944 1311.58 148.789 C 1311.58 148.724 1317.59 155.068 1318.23 156.918 C 1325.29 177.321 1313.25 196.602 1294.19 196.101 C 1290.59 199.311 1249.07 199.205 1245.8 196.2 C 1244.58 195.97 1243.63 194.822 1242.72 193.93 C 1241.15 188.528 1241.88 167.27 1242 160.341 z M 1296.51 176.148 C 1313.73 153.079 1273.06 158.66 1261.69 159.023 C 1260.74 164.901 1261.24 171.777 1261.47 177.79 C 1269.34 177.965 1289.98 179.349 1296.51 176.148 z M 1261.21 141.893 C 1270.35 142.01 1286.38 143.163 1293.94 139.396 C 1310.8 117.393 1271.5 121.826 1261.34 122.237 C 1260.68 129.991 1260.81 134.14 1261.21 141.893 z"/>
<path transform="translate(0,0)" fill="rgba(26, 145, 238, 1)" d="M 1242 160.341 C 1239.42 155.254 1242.24 139.882 1242.06 133.364 C 1241.84 125.679 1238.95 112.012 1242.65 105.563 C 1249.12 102.371 1291.76 103.236 1299.69 105.036 C 1291.59 106.568 1254 105.207 1242.95 105.627 C 1243.01 113.436 1244.12 156.4 1242 160.341 z"/>
<path transform="translate(0,0)" fill="rgba(26, 145, 238, 1)" d="M 1245.8 196.2 C 1260.57 195.476 1279.33 195.641 1294.19 196.101 C 1290.59 199.311 1249.07 199.205 1245.8 196.2 z"/>
<path transform="translate(0,0)" fill="rgba(26, 145, 238, 1)" d="M 1261.69 159.023 C 1273.06 158.66 1313.73 153.079 1296.51 176.148 C 1289.98 179.349 1269.34 177.965 1261.47 177.79 C 1261.24 171.777 1260.74 164.901 1261.69 159.023 z M 1263.03 175.956 C 1271.81 176.108 1290.69 177.83 1297.34 172.98 C 1298.45 169.522 1299.19 167.962 1297.8 164.507 C 1293.26 158.282 1271.21 161.159 1263.05 161.042 L 1263.03 175.956 z"/>
<path transform="translate(0,0)" fill="rgba(26, 145, 238, 1)" d="M 1261.34 122.237 C 1271.5 121.826 1310.8 117.393 1293.94 139.396 C 1286.38 143.163 1270.35 142.01 1261.21 141.893 C 1260.81 134.14 1260.68 129.991 1261.34 122.237 z M 1263.07 139.942 C 1274.24 140.046 1283.82 141.102 1294.28 137.222 C 1295.38 133.66 1296.15 131.991 1294.9 128.394 C 1289.9 120.921 1271.71 124.223 1263.07 124.053 L 1263.07 139.942 z"/>
<path transform="translate(0,0)" fill="rgba(26, 145, 238, 1)" d="M 1026.17 103.078 C 1028.36 102.921 1031.3 102.81 1033.51 103.587 C 1045.34 107.756 1045.38 148.329 1053.39 151.269 C 1061.22 144.062 1063.01 87.0993 1085.26 107.053 C 1088.2 109.69 1097.84 148.783 1101.19 152.407 C 1110.49 145.93 1109.67 82.9835 1133.58 107.458 C 1135.39 113.536 1127.41 138.932 1125.5 147.003 C 1123.25 156.765 1115.6 186.335 1111.56 194.003 C 1109.88 195 1103.18 198.357 1102.03 198.034 C 1086.47 193.696 1087.59 157.91 1076.31 145.686 C 1071.4 148.734 1065.29 190.034 1056.56 195.861 C 1054.81 197.03 1053.17 197.738 1051.03 197.262 C 1047.49 196.472 1044.63 193.031 1042.84 190.051 C 1039.41 184.359 1018 114.201 1019.12 109.996 C 1020.04 106.572 1023.3 104.693 1026.17 103.078 z"/>
<path transform="translate(0,0)" fill="rgba(26, 145, 238, 1)" d="M 1153.09 106.217 C 1157.6 102.465 1216.2 102.71 1220.19 105.171 L 1220.33 105.258 C 1220.37 105.282 1220.82 105.62 1220.85 105.65 C 1225.13 112.212 1223.96 115.625 1221.03 122.228 C 1210.51 126.532 1182.1 122.142 1170.86 124.754 C 1172.37 129.707 1172.65 134.304 1170.84 139.251 C 1180.06 141.051 1206.74 137.996 1211.16 141.581 C 1215.76 146.591 1214.64 152.999 1211.88 158.581 C 1207.96 161.372 1179.17 159.994 1172.01 160.014 C 1171.99 163.143 1172.13 174.577 1171.73 177.04 C 1182.44 176.909 1241.99 170.882 1220.51 194.944 C 1219.48 195.799 1216.84 197.69 1215.6 197.684 C 1207.31 197.644 1161.13 200.094 1156.82 196.265 L 1152.59 193.857 C 1149.92 190.916 1150.84 161.587 1150.9 155.611 C 1151.01 144.343 1149.99 132.432 1150.15 121.351 C 1149.62 113.882 1148.7 111.699 1153.09 106.217 z"/>
<path transform="translate(0,0)" fill="rgba(26, 145, 238, 1)" d="M 1156.82 196.265 C 1173.16 194.818 1206.83 197.707 1220.51 194.944 C 1219.48 195.799 1216.84 197.69 1215.6 197.684 C 1207.31 197.644 1161.13 200.094 1156.82 196.265 z"/>
<path transform="translate(0,0)" fill="rgba(26, 145, 238, 1)" d="M 1150.15 121.351 C 1153.09 130.169 1154.18 183.916 1152.59 193.857 C 1149.92 190.916 1150.84 161.587 1150.9 155.611 C 1151.01 144.343 1149.99 132.432 1150.15 121.351 z"/>
<path transform="translate(0,0)" fill="rgba(26, 145, 238, 1)" d="M 1170.49 158.17 C 1182.62 157.874 1199.99 157.372 1211.88 158.581 C 1207.96 161.372 1179.17 159.994 1172.01 160.014 C 1171.99 163.143 1172.13 174.577 1171.73 177.04 L 1171.19 176.812 C 1169.93 174.802 1170.46 161.442 1170.49 158.17 z"/>
<path transform="translate(0,0)" fill="rgba(26, 145, 238, 1)" d="M 1170.86 124.754 L 1171.22 123.453 C 1175.29 120.981 1213.7 121.936 1221.03 122.228 C 1210.51 126.532 1182.1 122.142 1170.86 124.754 z"/>
<path transform="translate(0,0)" fill="rgba(26, 145, 238, 1)" d="M 1170.84 139.251 C 1180.06 141.051 1206.74 137.996 1211.16 141.581 C 1205.16 142.291 1177.38 142.477 1171.82 141.333 L 1170.84 139.251 z"/>
<path transform="translate(0,0)" fill="rgba(26, 145, 238, 1)" d="M 1931.66 105 C 1941.65 101.902 1970.62 103.481 1982.41 104.24 L 1984.56 105.665 C 1989.41 111.884 1989.36 115.02 1984.79 121.58 C 1979.99 126.945 1944.28 122.474 1934.91 124.45 C 1933.34 128.113 1931.47 131.008 1932.22 134.759 C 1934.08 137.784 1935.21 138.42 1938.08 140.332 C 1947.52 139.554 1965.66 138.996 1974.35 142.002 C 1980.19 143.853 1986.26 150.339 1989.12 155.729 C 1992.23 159.095 1992.18 177.913 1989.15 181.263 C 1986.27 186.453 1982.22 191.72 1976.64 194.363 C 1975.77 194.774 1972.78 195.445 1972.26 195.935 C 1968.6 199.414 1921.14 199.203 1917.83 196.311 C 1913.56 192.925 1911.63 190.563 1910.92 184.892 C 1917.53 165.372 1990.35 191.816 1966.39 159.283 C 1965.75 159.454 1965.1 159.593 1964.44 159.701 C 1958.64 160.599 1931.6 161.354 1926.81 157.858 C 1906.47 149.202 1905.54 111.166 1931.66 105 z"/>
<path transform="translate(0,0)" fill="rgba(26, 145, 238, 1)" d="M 1917.83 196.311 C 1933.67 195.233 1955.91 195.974 1972.26 195.935 C 1968.6 199.414 1921.14 199.203 1917.83 196.311 z"/>
<path transform="translate(0,0)" fill="rgba(26, 145, 238, 1)" d="M 1931.66 105 C 1941.65 101.902 1970.62 103.481 1982.41 104.24 L 1984.56 105.665 C 1976.68 105.456 1935.66 106.458 1931.66 105 z"/>
<path transform="translate(0,0)" fill="rgba(26, 145, 238, 1)" d="M 1934.91 124.45 C 1935.04 124.236 1935.17 124.037 1935.34 123.85 C 1938.57 120.275 1977.07 122.141 1984.79 121.58 C 1979.99 126.945 1944.28 122.474 1934.91 124.45 z"/>
<path transform="translate(0,0)" fill="rgba(26, 145, 238, 1)" d="M 1926.81 157.858 C 1932 158.077 1964.33 157.298 1966.39 159.283 C 1965.75 159.454 1965.1 159.593 1964.44 159.701 C 1958.64 160.599 1931.6 161.354 1926.81 157.858 z"/>
<path transform="translate(0,0)" fill="rgba(26, 145, 238, 1)" d="M 1938.08 140.332 C 1947.52 139.554 1965.66 138.996 1974.35 142.002 C 1968.95 142 1940.23 143.12 1938.08 140.332 z"/>
<path transform="translate(0,0)" fill="rgba(26, 145, 238, 1)" d="M 1989.12 155.729 C 1992.23 159.095 1992.18 177.913 1989.15 181.263 C 1988.77 177.925 1989.01 159.579 1989.12 155.729 z"/>
<path transform="translate(0,0)" fill="rgba(26, 145, 238, 1)" d="M 1387.74 105.962 C 1388.3 105.808 1388.86 105.66 1389.42 105.517 C 1396.51 103.721 1437.56 101.98 1442.91 105.167 C 1447.14 109.795 1449.04 115.682 1445.44 121.373 C 1440.06 125.696 1404.96 124.375 1396.71 123.488 C 1396.41 123.456 1396.12 123.422 1395.83 123.386 C 1389.87 129.525 1390.22 134.181 1396.43 140.11 C 1396.61 140.285 1396.8 140.459 1396.98 140.632 C 1402.89 139.222 1427.44 140.156 1434.71 141.7 C 1455.19 153.384 1456.03 185.255 1434.19 194.82 C 1433.91 194.943 1432.66 195.08 1432.35 195.068 L 1427.15 196.179 C 1423.07 199.082 1401.29 199.503 1397.81 196.114 C 1392.78 196.169 1380.02 197.012 1376.8 194.305 C 1375.97 193.581 1375.19 192.8 1374.46 191.968 C 1372.64 189.839 1370.69 185.815 1370.92 182.896 C 1376.36 166.661 1445 190.722 1427.86 161.374 C 1419.94 157.588 1398.05 162.762 1386.65 157.984 C 1365.58 145.616 1366.24 118.116 1387.74 105.962 z"/>
<path transform="translate(0,0)" fill="rgba(26, 145, 238, 1)" d="M 1387.74 105.962 C 1388.3 105.808 1388.86 105.66 1389.42 105.517 C 1396.51 103.721 1437.56 101.98 1442.91 105.167 C 1426.17 105.778 1404.4 106.67 1387.74 105.962 z"/>
<path transform="translate(0,0)" fill="rgba(26, 145, 238, 1)" d="M 1395.83 123.386 C 1398.11 120.718 1437.65 122.687 1445.44 121.373 C 1440.06 125.696 1404.96 124.375 1396.71 123.488 C 1396.41 123.456 1396.12 123.422 1395.83 123.386 z"/>
<path transform="translate(0,0)" fill="rgba(26, 145, 238, 1)" d="M 1386.65 157.984 C 1394.04 158.023 1424.04 155.684 1427.86 161.374 C 1419.94 157.588 1398.05 162.762 1386.65 157.984 z"/>
<path transform="translate(0,0)" fill="rgba(26, 145, 238, 1)" d="M 1396.98 140.632 C 1402.89 139.222 1427.44 140.156 1434.71 141.7 C 1429.84 141.847 1399.04 142.858 1396.98 140.632 z"/>
<path transform="translate(0,0)" fill="rgba(26, 145, 238, 1)" d="M 1397.81 196.114 C 1405.53 195.716 1419.16 195.716 1427.15 196.179 C 1423.07 199.082 1401.29 199.503 1397.81 196.114 z"/>
<path transform="translate(0,0)" fill="rgba(26, 145, 238, 1)" d="M 1616 108.497 C 1640.69 83.4521 1636.2 133.154 1636.2 144.539 C 1636.19 165.445 1635.99 185.988 1612.87 194.545 C 1610.99 195.193 1610.49 194.764 1608.28 195.839 C 1603.81 198.797 1587.56 199.807 1583.75 196.015 C 1573.77 196.112 1562.5 182.615 1558.94 174.107 C 1555.69 164.053 1553.35 111.865 1558.45 105.835 C 1566.32 100.836 1569.61 101.645 1576 108.498 C 1575.9 124.972 1572.38 158.623 1582.78 172.18 C 1587.88 178.834 1604.1 178.871 1609.59 172.135 C 1620.38 158.975 1615.82 125.228 1616 108.497 z"/>
<path transform="translate(0,0)" fill="rgba(26, 145, 238, 1)" d="M 1558.94 174.107 C 1555.69 164.053 1553.35 111.865 1558.45 105.835 C 1555.89 118.9 1558.51 159.365 1558.94 174.107 z"/>
<path transform="translate(0,0)" fill="rgba(26, 145, 238, 1)" d="M 1583.75 196.015 C 1591.8 196.033 1600.27 196.171 1608.28 195.839 C 1603.81 198.797 1587.56 199.807 1583.75 196.015 z"/>
<path transform="translate(0,0)" fill="rgba(26, 145, 238, 1)" d="M 1465.15 106.165 C 1470.05 102.275 1531.95 101.497 1539.34 105.153 C 1544.14 108.685 1544.26 116.279 1540.86 120.749 C 1540.37 121.382 1539.85 121.992 1539.31 122.578 C 1530.54 125.459 1518.7 122.913 1512 124.747 C 1511.99 134.228 1512.96 187.386 1511.42 193.336 C 1487.21 213.459 1491.8 169.745 1491.85 157.916 C 1491.89 146.934 1491.99 135.731 1492.07 124.743 C 1483.97 122.534 1472.15 126.613 1463.98 121.264 C 1460.89 115.95 1460.66 110.725 1465.15 106.165 z"/>
<path transform="translate(0,0)" fill="rgba(26, 145, 238, 1)" d="M 1465.15 106.165 C 1470.05 102.275 1531.95 101.497 1539.34 105.153 C 1517.17 105.273 1486.79 104.591 1465.15 106.165 z"/>
<path transform="translate(0,0)" fill="rgba(26, 145, 238, 1)" d="M 1463.98 121.264 C 1472.51 122.579 1484.91 121.173 1491.08 122.684 C 1491.36 123.201 1491.97 124.235 1492.07 124.743 C 1483.97 122.534 1472.15 126.613 1463.98 121.264 z"/>
<path transform="translate(0,0)" fill="rgba(26, 145, 238, 1)" d="M 1512 124.747 C 1513.1 120.15 1534.95 122.011 1539.31 122.578 C 1530.54 125.459 1518.7 122.913 1512 124.747 z"/>
<path transform="translate(0,0)" fill="rgba(26, 145, 238, 1)" d="M 1764.54 106.856 C 1769.24 101.376 1775.88 102.225 1781.18 106.271 C 1786.16 117.287 1781.57 171.352 1783.02 186.371 C 1783.3 189.239 1782.38 191.385 1780.9 193.767 C 1774.26 200.118 1770.98 199.924 1764.35 193.1 L 1763.02 192.017 C 1762.99 181.496 1761.57 111.12 1764.54 106.856 z"/>
<path transform="translate(0,0)" fill="rgba(26, 145, 238, 1)" d="M 1764.54 106.856 C 1765.05 115.645 1766.28 186.127 1764.35 193.1 L 1763.02 192.017 C 1762.99 181.496 1761.57 111.12 1764.54 106.856 z"/>
<path transform="translate(0,0)" fill="rgba(26, 145, 238, 1)" d="M 1781.18 106.271 C 1786.16 117.287 1781.57 171.352 1783.02 186.371 C 1783.3 189.239 1782.38 191.385 1780.9 193.767 C 1782.1 165.055 1780.16 135.057 1781.18 106.271 z"/>
</g></svg></svg><svg x="446" y="94" width="630" height="118" xmlns="http://www.w3.org/2000/svg" preserveAspectRatio="none"><svg version="1.1" xmlns="http://www.w3.org/2000/svg" style="display: block;" width="630" height="118" viewBox="396.48 73.46 1255.73 234.96" preserveAspectRatio="none"><g id="svg-group-ea10d803-01ee-48e6-b2fc-07f66b118b04">
<path transform="translate(0,0)" fill="rgba(0, 0, 0, 1)" d="M 1515.73 78.4752 C 1515.94 78.4551 1516.15 78.4363 1516.36 78.4188 C 1576.53 73.4586 1629.14 118.813 1633.89 179.076 C 1636.41 209.449 1626.79 239.583 1607.15 262.886 C 1587.67 285.659 1558.87 298.562 1529.35 300.088 C 1519.16 300.562 1507.72 301.279 1499.63 293.858 C 1486.96 282.237 1488.54 268.045 1499.26 255.99 C 1511.4 247.393 1522.98 250.909 1536.3 248.947 C 1582.75 242.104 1598.72 180.953 1568.44 147.685 C 1545.05 121.983 1520.08 130.084 1490.3 129.308 C 1469.02 128.753 1437.9 132.808 1419.87 121.732 C 1409.89 115.217 1409.71 96.9313 1416.76 88.4135 C 1426.72 76.3826 1443.98 79.2564 1457.57 78.8512 C 1476.47 78.2879 1497.06 80.2883 1515.73 78.4752 z"/>
<path transform="translate(0,0)" fill="rgba(0, 0, 0, 1)" d="M 1220.27 148.171 C 1237.12 146.579 1246.94 149.896 1251.97 166.855 C 1274.98 167.745 1299.57 164.73 1323.05 165.585 C 1341.48 166.257 1352.88 171.278 1352.84 192.241 C 1352.77 229.396 1287.66 212.155 1264.91 214.642 C 1262.45 214.91 1254.53 214.265 1252.17 217.137 C 1249.22 225.751 1250.4 242.285 1250.61 251.379 C 1273.06 250.4 1296.49 251.403 1319.03 251.064 C 1329.45 250.908 1342.72 251.593 1352.77 250.161 C 1363.56 250.027 1374.46 250.214 1381.74 259.61 C 1392.82 273.931 1383.7 299.39 1364.9 300.797 C 1337.35 302.858 1309.37 301.011 1281.72 301.71 C 1276.41 301.844 1270.94 301.649 1265.61 301.752 C 1249.13 301.488 1232.36 302.529 1215.95 301.058 C 1208.39 300.38 1203.02 293.656 1199.04 288.072 C 1196.05 251.026 1199.62 206.305 1198.34 168.535 C 1197.94 156.6 1209.79 150.691 1220.27 148.171 z"/>
<path transform="translate(0,0)" fill="rgba(0, 0, 0, 1)" d="M 999.507 78.4701 C 1007.01 76.7234 1039.55 79.3345 1049.75 79.168 C 1064.59 78.9259 1083.43 76.9871 1097.51 78.5645 C 1107.12 79.5706 1116.49 82.1849 1125.23 86.298 C 1143.69 94.9519 1157.97 110.55 1164.97 129.692 C 1180.25 172.41 1161.74 218.915 1118.38 233.646 C 1102.15 239.159 1059.13 241.537 1043.83 234.245 C 1041.17 231.855 1037.88 228.04 1035.39 225.329 C 1034.71 222.372 1033.55 216.265 1033.72 213.167 C 1036.18 170.641 1090.38 201.304 1111.58 179.347 C 1122.62 167.623 1124.15 150.88 1112.24 138.875 C 1101.57 127.808 1086.23 128.193 1071.96 128.211 C 1043.54 128.279 1015.13 128.849 986.72 128.873 C 980.096 128.878 973.305 127.935 967.253 125.123 C 963.018 123.155 959.785 119.439 956.597 116.129 C 944.714 77.8116 974.214 80.2165 999.507 78.4701 z"/>
<path transform="translate(0,0)" fill="rgba(0, 0, 0, 1)" d="M 700.502 79.1431 C 719.603 79.3034 735.669 100.783 749.539 112.889 C 767.078 128.197 783.871 144.922 801.37 160.36 C 826.762 140.132 853.7 110.467 878.254 88.585 C 884.882 82.6776 891.76 78.6481 901.062 79.4668 C 908.038 80.1135 914.479 83.4756 918.999 88.8281 C 935.128 108.173 917.604 125.955 903.318 137.988 C 890.6 150.787 824.768 214.481 813.372 218.408 C 805.794 221.02 795.402 220.863 788.136 217.305 C 777.001 211.851 753.922 187.198 743.084 177.635 C 725.519 162.137 706.52 147.497 689.831 131.116 C 686.028 127.384 680.827 122.525 679.04 117.369 C 676.529 110.122 676.824 101.763 680.217 94.8628 C 684.508 86.1388 691.64 82.1168 700.502 79.1431 z"/>
<path transform="translate(0,0)" fill="rgba(0, 0, 0, 1)" d="M 520.861 81.9857 C 530.023 81.1917 539.885 84.4909 544.913 92.6269 C 561.197 118.979 575.837 146.4 591.092 173.356 L 621.231 225.499 C 630.498 241.406 644.304 262.95 648.935 280.311 C 644.895 292.713 641.521 299.695 628.453 304.061 C 611.887 304.635 605.765 303.177 596.811 287.97 C 592.602 280.823 588.103 273.154 583.895 265.958 L 550.125 207.24 C 533.302 178.135 514.292 148.501 500.048 117.913 C 497.685 112.839 499.102 102.787 501.735 97.6575 C 506.176 89.0028 511.823 85.2153 520.861 81.9857 z"/>
<path transform="translate(0,0)" fill="rgba(0, 0, 0, 1)" d="M 477.992 163.058 C 498.597 162.275 504.827 185.62 512.081 201.47 C 509.028 208.707 504.343 217.327 500.715 224.443 C 502.582 224.354 507.051 224.402 508.616 224.17 C 529.767 221.078 552.425 242.827 534.006 261.283 C 523.972 271.337 490.79 266.512 477.242 265.755 C 473.12 271.253 469.233 279.051 465.922 285.23 C 462.257 292.893 456.382 299.606 448.223 302.531 C 441.512 304.918 434.129 304.544 427.693 301.493 C 418.103 296.894 415.537 289.976 412.282 280.812 C 414.719 272.869 417.599 266.406 421.722 259.174 C 438.372 229.965 452.423 199.113 469.605 170.285 C 471.542 167.034 474.781 164.918 477.992 163.058 z"/>
<path transform="translate(0,0)" fill="rgba(0, 0, 0, 1)" d="M 1335.13 77.4817 C 1348.12 77.3324 1371.63 75.2559 1379.65 85.3175 C 1395.69 105.435 1383.31 128.046 1358.02 128.951 C 1335.4 129.76 1316.1 129.564 1294.34 128.931 C 1279.48 128.528 1264.62 128.409 1249.75 128.574 C 1230.06 128.497 1196.66 133.722 1196.16 103.504 C 1196.01 97.1592 1198.43 91.0242 1202.87 86.4869 C 1206.36 82.9643 1210.84 80.5949 1215.72 79.6975 C 1222.27 78.4457 1237.96 79.0814 1245.7 78.8844 C 1275.49 77.8746 1305.31 77.407 1335.13 77.4817 z"/>
<path transform="translate(0,0)" fill="rgba(0, 0, 0, 1)" d="M 1437.88 147.102 C 1444.57 146.848 1450.57 147.162 1456.63 150.292 C 1460.8 152.452 1465.25 156.668 1466.65 161.291 C 1470.47 173.958 1471.18 278.013 1465.84 287.792 C 1460.71 297.177 1454.52 300.102 1444.62 302.913 C 1432.06 303.959 1422.87 296.688 1416.29 286.876 C 1414.29 249.571 1416.97 210.71 1415.34 173.184 C 1414.66 157.519 1423.55 150.741 1437.88 147.102 z"/>
<path transform="translate(0,0)" fill="rgba(0, 0, 0, 1)" d="M 980.355 148.172 C 990.329 147.339 1007.9 153.173 1008.74 164.587 C 1011.51 201.799 1009.76 240.256 1009.6 277.639 C 1009.54 293.355 1002.15 300.652 987.508 303.821 C 976.361 304.363 960.321 298.153 959.053 286.456 C 954.86 247.798 957.157 206.537 957.413 167.569 C 957.489 156.052 970.944 150.253 980.355 148.172 z"/>
<path transform="translate(0,0)" fill="rgba(0, 0, 0, 1)" d="M 687.072 170.753 C 700.746 170.664 724.394 195.41 733.458 205.712 C 734.906 223.163 733.425 247.453 733.958 265.536 C 734.381 279.876 732.196 289.258 721.956 299.153 C 702.875 308.419 684.364 303.773 680.328 280.414 C 678.276 268.537 679.856 251.677 679.805 239.353 C 679.723 219.824 679.373 200.124 679.796 180.624 C 679.982 175.476 683.311 173.842 687.072 170.753 z"/>
<path transform="translate(0,0)" fill="rgba(0, 0, 0, 1)" d="M 908.241 168.815 C 909.64 168.711 911.059 168.659 912.446 168.906 C 915.215 169.399 917.471 170.649 919.073 173.005 C 923.075 178.893 922.304 273.768 920.254 284.332 C 919.052 290.523 915.604 295.344 910.332 298.858 C 902.959 303.772 895.007 304.419 886.504 302.757 C 861.162 292.137 870.456 261.41 868.864 239.076 C 868.134 228.827 868.868 214.249 869.338 203.951 C 882.991 192.655 893.684 178.663 908.241 168.815 z"/>
</g></svg></svg><svg x="124" y="84" width="275" height="232" xmlns="http://www.w3.org/2000/svg" preserveAspectRatio="none"><svg version="1.1" xmlns="http://www.w3.org/2000/svg" style="display: block;" width="275" height="232" viewBox="0.00 -1.88 2048.00 1727.77" preserveAspectRatio="none"><g id="svg-group-130ea8ec-4f15-4233-ad5c-55cae172ff82">
<path transform="translate(0,0)" fill="rgba(0, 0, 0, 1)" d="M 683.413 194.695 C 720.073 195.334 749.387 225.366 749.139 262.031 C 748.891 298.696 719.172 328.328 682.507 328.47 C 658.439 328.563 636.176 315.719 624.209 294.837 C 612.243 273.955 612.417 248.253 624.665 227.535 C 636.914 206.817 659.348 194.276 683.413 194.695 z"/>
<path transform="translate(0,0)" fill="rgba(0, 0, 0, 1)" d="M 480.095 196.123 C 516.701 193.921 548.198 221.73 550.549 258.326 C 552.899 294.923 525.218 326.532 488.631 329.031 C 451.834 331.543 420.004 303.668 417.64 266.862 C 415.277 230.055 443.28 198.338 480.095 196.123 z"/>
<path transform="translate(0,0)" fill="rgba(0, 0, 0, 1)" d="M 271.351 198.516 C 306.688 189.785 342.361 211.559 350.748 246.978 C 359.135 282.398 337.016 317.857 301.516 325.9 C 266.501 333.833 231.631 312.08 223.358 277.144 C 215.086 242.208 236.498 207.129 271.351 198.516 z"/>
<path transform="translate(0,0)" fill="rgba(0, 0, 0, 1)" d="M 1709.94 0 L 1797.47 0 L 1800.52 5.17804 C 1800.77 5.28722 1801.02 5.3964 1801.27 5.50558 C 1818.36 9.65698 1832.35 6.54949 1850.86 10.8444 C 1928 28.7481 1990.2 75.7807 2024.66 147.653 C 2031.76 162.464 2036.28 183.482 2042.69 198.917 C 2043.59 201.078 2046.07 202.858 2048 204.127 L 2048 1524.15 C 2036.51 1534.16 2034.97 1551.62 2028.42 1566.22 C 1998.81 1632.28 1955.96 1681.7 1886.49 1706.57 C 1873.92 1711.07 1860.43 1714.42 1847.99 1718.81 C 1846.28 1719.41 1844.8 1722.31 1844.1 1724 L 1726.57 1724 C 1721.93 1716.63 1710.3 1714.74 1705.11 1709.92 C 1696.98 1702.37 1688.2 1690.2 1680.66 1681.18 C 1672.31 1627.5 1697.24 1605.88 1747.25 1608.84 C 1772.06 1610.31 1805.2 1609.79 1829.47 1607.57 C 1860.4 1604.75 1891.99 1576.49 1909.97 1552.98 C 1919.83 1540.12 1932.19 1509.5 1933 1492.63 C 1934.35 1464.36 1932.57 1433.26 1933.21 1404.87 C 1933.23 1385.04 1937.37 1366.73 1936.72 1346.71 C 1934.57 1278.77 1931.55 1211.26 1933.48 1143.13 C 1934.01 1124.39 1938.02 1105.98 1936.72 1086.79 C 1936.04 1076.77 1937.23 1065.78 1936.23 1055.63 C 1930.35 996.104 1934.46 935.447 1933.34 875.626 C 1933.07 863.923 1937.96 847.583 1936.69 836.253 C 1931.65 791.143 1933.24 745.936 1933.55 700.581 C 1933.63 688.875 1936.31 675.816 1936.61 663.302 C 1938 613.148 1935.88 564.013 1933.28 514.075 C 1932.74 503.702 1932.37 480.265 1933.54 470.112 C 1938.81 424.285 1936.27 378.627 1936.59 332.585 C 1936.66 321.879 1933.28 309.509 1933.38 298.577 C 1930.95 276.46 1937.17 240.8 1932.05 220.039 C 1925.26 192.461 1900.33 157.41 1876.9 142.348 C 1855.33 128.483 1836.55 119.525 1811.37 118.7 C 1776.58 117.559 1742.29 118.323 1707.86 118.33 L 1494.01 118.575 L 824.298 118.926 L 420.723 118.975 L 311.223 118.952 C 281.16 118.951 251.559 117.614 221.704 123.069 C 184.433 129.555 152.16 159.762 132.512 191.284 C 87.1131 264.116 129.174 366.783 209.727 392.44 C 240.212 402.15 290.5 398.984 322.852 399.018 L 434.356 399.097 L 971.973 399.025 L 1146.61 399.039 C 1176.79 399.077 1207.22 398.806 1237.33 399.743 C 1258.8 400.863 1280.51 417.646 1284.32 439.258 C 1290.8 472.912 1270.23 506.236 1235.37 511.135 C 1212.63 514.331 1186.29 513.048 1162.96 513.041 L 1037.56 513.031 L 502.689 513.361 L 351.769 513.428 C 317.422 513.46 283.567 512.318 249.324 516.895 C 206.907 522.565 177.501 547.711 152.5 580.96 C 121.751 621.854 117.818 656.051 118.832 705.196 C 119.662 745.421 121.304 786.73 121.331 827.002 L 121.868 1206.87 L 121.948 1307.4 C 121.941 1317.62 119.799 1355.78 125.866 1360.1 C 128.703 1359.5 128.382 1359.59 130.822 1357.2 L 465.688 1030.25 C 474.329 1021.95 483.826 1014.48 492.517 1006.28 L 614.281 891.851 L 683.406 826.358 C 699.73 811.155 732.728 775.622 758.538 785.505 C 791.106 797.974 823.947 835.677 850.198 858.959 L 926.287 927.742 C 963.144 960.717 1002.04 993.938 1038.97 1027.1 C 1042.03 1029.84 1043.98 1033.79 1048.47 1034.26 C 1068.53 1024.57 1097.63 986.812 1116.02 971.94 C 1140.64 953.463 1160.55 928.369 1183.38 908.438 C 1224.25 872.747 1260.48 833.141 1299.62 795.673 L 1387.7 711.668 C 1396.21 703.671 1405.76 696.356 1414 688.202 C 1442.78 659.725 1471.33 630.957 1500.11 602.477 C 1508.09 594.581 1517.99 587.428 1525.98 579.775 C 1537.72 568.525 1549.05 556.938 1560.9 545.78 C 1569.23 537.932 1586.53 525.288 1592.35 516.25 C 1584.66 512.085 1480.18 514.16 1461.96 512.97 C 1449.6 503.514 1438.74 498.303 1430.25 483.769 C 1413.56 454.916 1427.29 418.57 1455.56 403.074 C 1473.11 393.454 1506.74 395.793 1527.22 395.817 L 1597.85 395.873 L 1686.83 395.861 C 1708.71 395.698 1740.03 394.056 1761.3 398.102 C 1773.49 400.422 1786.44 411.953 1791.96 422.707 C 1796.07 430.711 1797.76 437.254 1797.93 446.561 C 1798.55 480.805 1798.13 515.721 1798.15 549.955 L 1798.25 657.588 C 1798.29 676.227 1800.52 720.764 1795.79 735.269 C 1780.65 781.626 1708.91 782.307 1692.36 735.788 C 1690.32 730.028 1690.97 710.41 1690.99 704.211 L 1691.23 628.93 C 1691.26 612.743 1693.42 592.927 1686.58 578.467 C 1685.35 579.788 1684.12 581.097 1682.87 582.394 C 1666.07 599.748 1648.01 617.39 1630.79 634.372 C 1622.93 642.129 1612.83 649.258 1604.2 657.743 L 1337.97 916.351 C 1301.95 951.234 1267.3 988.027 1231.41 1023.09 C 1223.41 1031.54 1212.58 1038.08 1204.48 1046.25 C 1182.22 1069.19 1162.59 1087.83 1138.19 1108.85 C 1115.76 1128.17 1080.07 1176.04 1047 1175.04 C 1024.78 1174.37 989.808 1134.42 973.393 1120.28 C 958.607 1107.54 943.444 1092.79 928.603 1079.41 L 844.884 1003.16 C 812.613 973.932 781.953 946.78 750.841 916.156 C 744.172 921.456 734 932.041 727.614 938.395 L 688.78 977.143 C 677.975 987.916 666.369 996.36 655.591 1006.73 C 629.502 1032.75 604.493 1058.39 576.499 1082.48 C 531.712 1121.01 491.064 1164.13 448.989 1205.54 C 439.975 1214.42 429.737 1221.82 420.656 1230.63 L 299.026 1348.34 C 270.524 1376.38 242.488 1405.15 213.956 1433.17 C 206.535 1440.46 197.36 1447.29 189.611 1454.43 L 121.557 1517.29 C 129.075 1530.18 132.085 1545.06 141.657 1557.69 C 148.485 1566.7 156.136 1573.52 163.949 1581.22 C 174.096 1591.23 198.415 1606.13 212.567 1608.35 C 243.917 1612.42 275.381 1608.08 307.215 1608.91 C 335.194 1609.63 355.665 1614.31 363.393 1644.93 C 369.099 1668.46 359.196 1693.35 339.438 1707.07 C 331.914 1712.3 318.536 1716.28 314.041 1724 L 206.567 1724 C 205.826 1721.74 205.318 1719.67 203.045 1718.68 C 195.173 1715.25 184.347 1714.31 176.4 1711.79 C 163.161 1707.6 148.871 1701.61 136.612 1695.1 C 93.1569 1672 57.4385 1633.99 33.3263 1591.43 C 28.4804 1582.88 17.3569 1549.66 14.5175 1539.99 C 7.07872 1514.67 7.72809 1481.4 7.76284 1455.09 L 7.87706 1392.44 L 7.88667 1245.74 L 7.84575 656.356 L 7.81987 547.555 C 7.8062 534.408 9.05396 492.795 5.8568 482.339 L 0 478.665 L 0 243.083 L 4.82957 240.363 C 9.63056 234.422 9.74155 202.376 12.5812 191.535 C 34.4658 107.987 95.9933 42.789 179.23 17.7743 C 220.432 5.39212 255.311 7.70151 297.757 7.76652 L 386.957 7.80897 L 617.867 7.74225 L 1463.68 7.6082 L 1622.9 7.62678 C 1635.91 7.63665 1697.31 8.74098 1706.49 5.90069 C 1707.7 4.10598 1708.86 1.9117 1709.94 0 z"/>
<path transform="translate(0,0)" fill="rgba(222, 234, 236, 1)" d="M 4.82957 240.363 C 6.72475 243.012 5.43358 272.73 5.437 278.082 L 5.87938 428.363 C 5.84274 440.033 5.87815 451.703 5.98558 463.373 C 6.02636 468.012 6.60079 478.312 5.8568 482.339 L 0 478.665 L 0 243.083 L 4.82957 240.363 z"/>
<path transform="translate(0,0)" fill="rgba(222, 234, 236, 1)" d="M 1709.94 0 L 1797.47 0 L 1800.52 5.17804 C 1796.03 6.36483 1713.09 7.03304 1706.49 5.90069 C 1707.7 4.10598 1708.86 1.9117 1709.94 0 z"/>
<path transform="translate(0,0)" fill="rgba(0, 0, 0, 1)" d="M 1431.59 1724 C 1431.4 1723.57 1431.24 1723.13 1431.03 1722.71 C 1426.95 1714.29 1384.24 1702 1376.48 1673.09 C 1372.14 1656.91 1374.37 1635.82 1374.48 1619.03 L 1374.88 1551.63 L 1374.69 1279.77 C 1374.59 1222.92 1375.69 1166.07 1372.18 1109.16 C 1370.73 1085.68 1369.96 1040.14 1375.39 1016.78 C 1378.9 1001.64 1411.41 976.845 1424.1 964.545 L 1509.21 883.35 C 1525.2 867.908 1584.3 806.388 1601.34 805.914 C 1605.21 807.591 1606.55 809.545 1607.99 813.676 C 1610.43 820.65 1611.29 830.679 1611.34 838.071 C 1611.69 889.147 1611.31 940.389 1611.23 991.469 L 1611.17 1275.43 L 1610.97 1505.52 C 1610.98 1547.12 1611.52 1589 1610.67 1630.61 C 1610 1663.6 1599.65 1698.78 1566.95 1713.17 C 1560.23 1716.13 1554.05 1717.46 1550.6 1724 L 1431.59 1724 z"/>
<path transform="translate(0,0)" fill="rgba(0, 0, 0, 1)" d="M 802.526 1724 C 802.405 1723.78 802.291 1723.55 802.162 1723.33 C 794.402 1710.16 760.559 1708.18 750.606 1674.4 C 746.678 1661.07 748.994 1591.8 748.998 1572.68 C 749.004 1540.25 749.622 1507.63 748.691 1475.22 C 748.192 1457.84 746.042 1440.67 746.032 1423.25 C 746.024 1408.81 747.91 1394.5 748.606 1380.1 C 749.41 1363.48 748.902 1346.6 748.828 1329.95 C 748.738 1309.82 746.485 1289.96 746.094 1269.88 C 745.156 1221.67 745.817 1173.32 745.761 1125.1 C 745.74 1107.44 743.529 1072.09 747.456 1056.48 C 748.139 1053.76 748.818 1052.25 751.167 1050.58 C 768.676 1047.75 803.367 1086.79 816.792 1097.86 C 832.264 1110.62 846.821 1125.37 861.724 1138.65 L 936.673 1205.81 C 994.707 1257.36 986.089 1241.39 986.059 1320.8 L 986.204 1439.49 L 986.282 1576.57 C 986.31 1612.23 992.198 1660.64 969.728 1689.81 C 963.944 1697.32 956.823 1703.69 948.723 1708.61 C 938.555 1714.74 925.618 1715.34 921.624 1724 L 802.526 1724 z"/>
<path transform="translate(0,0)" fill="rgba(26, 145, 238, 1)" d="M 1141.42 1724 C 1135.05 1715.75 1126.21 1717.95 1115.85 1715.73 C 1097.68 1711.85 1082.79 1698.9 1073.09 1683.36 C 1061.16 1662.02 1064.89 1621.92 1064.89 1597.5 L 1064.88 1485.22 L 1064.87 1376.84 C 1064.87 1356.74 1064.43 1336.42 1065.63 1316.38 C 1066.21 1310.39 1072.65 1304.84 1076.44 1300.62 C 1097 1277.71 1117.87 1254.06 1140.68 1233.32 C 1160.83 1216.39 1178.96 1198.38 1197.73 1180.06 C 1204.28 1173.68 1218.83 1160.9 1225.59 1155.35 C 1239.16 1144.22 1283.48 1092.88 1296.62 1089.59 L 1298.79 1090.39 C 1299.84 1100.32 1299.51 1115.78 1299.53 1126.17 L 1299.58 1183.6 L 1299.54 1371.07 L 1299.5 1555.97 C 1299.51 1587.8 1300.33 1619.73 1298.64 1651.56 C 1297.09 1680.68 1277.89 1712.97 1246.79 1716.58 C 1235.36 1717.91 1223.22 1714.04 1216.02 1724 L 1211.81 1724 C 1203.8 1712.94 1187.5 1716.11 1175.38 1717.92 C 1171.66 1718.48 1169.76 1720.9 1167.91 1724 L 1141.42 1724 z"/>
<path transform="translate(0,0)" fill="rgba(26, 145, 238, 1)" d="M 497.689 1724 C 497.536 1723.8 497.392 1723.59 497.232 1723.4 C 488.229 1712.42 461.826 1714.36 446.187 1684.8 C 442.052 1676.98 440.913 1667.52 440.335 1658.82 C 439.012 1638.94 439.729 1618.66 439.704 1598.73 L 439.595 1495.55 L 439.488 1399.48 C 439.465 1381.82 439.18 1364.09 439.879 1346.47 C 439.912 1340.71 441.269 1336.73 444.547 1331.99 C 449.944 1324.19 456.43 1314.29 463.735 1308.05 C 486.84 1288.4 507.555 1266.4 529.117 1245.12 C 536.42 1238.26 543.659 1230.07 551.589 1223.89 C 566.642 1212.17 579.053 1198.42 592.807 1185.38 C 610.802 1168.33 630.061 1152.93 647.08 1134.71 C 650.949 1130.56 663.763 1117.15 668.527 1116.29 C 670.367 1117.93 670.21 1118.78 670.225 1121.46 C 670.591 1184.94 670.107 1248.44 670.471 1311.92 C 670.566 1328.48 673.963 1345.76 674.06 1362.4 C 674.093 1428.56 673.994 1494.83 674.016 1560.98 L 674.18 1618.54 C 674.227 1627.57 674.775 1643.91 673.581 1652.64 C 671.774 1665.85 658.759 1689.91 650.444 1700.68 C 640.895 1713.05 615.037 1716.49 608.499 1724 L 497.689 1724 z"/>
</g></svg></svg></svg>